# LF noise: mean = 0.002056103263515597 +- 0.0002562924099275305
,Mode,Design,Radius[cm],Thickness[cm],NPanels,Phi[deg],Theta[deg],Length[cm],Height[cm],ZPosition[cm],Volume[cm3],Ge-77[nevents],Ge-77_err[nevents],Ge77-Eff,Ge77-Eff_err,Ge77-Rate[nucleus/(kg yr)],Ge77-Rate_err[nucleus/(kg yr)],Ge77-Rate_err_stat[nucleus/(kg yr)],nprimaries,total_neutrons
0,LF,4.0,124.0,16.0,196.0,105.23714604443693,18.0,3.0,300.0,42.0,4792806.91,37,6.082762530298219,0.0003185234286894913,5.237326817397011e-05,0.01153609260103453,0.0019110519929974932,0.0019086595251477847,50000,123426
1,LF,4.0,200.0,7.0,230.0,89.68035054221582,27.0,134.0,300.0,42.0,66606597.45,41,6.4031242374328485,0.0003910049781609415,6.107665549424417e-05,0.014138608726030222,0.0022268564666905956,0.0022229188635641945,50000,111594
2,LF,4.0,139.0,8.0,95.0,217.12084868115406,4.0,17.0,300.0,42.0,4962186.81,31,5.5677643628300215,0.0002638836868807246,4.7401162241365534e-05,0.009566398243661303,0.0017292094765964869,0.0017490443859835298,50000,124703
3,LF,4.0,198.0,7.0,357.0,57.777256651847715,28.0,45.0,300.0,42.0,35584856.04,40,6.324555320336759,0.0003583683489074245,5.6673163398475676e-05,0.012964721367584305,0.0020668887933739674,0.002054681988199076,50000,118730
4,LF,4.0,116.0,11.0,67.0,307.85791977178565,7.0,144.0,300.0,42.0,32953156.45,29,5.385164807134504,0.0002543458050483257,4.723683638225668e-05,0.009202400321431421,0.0017191162579366585,0.0016941849608141594,50000,121272
5,LF,4.0,130.0,3.0,271.0,76.11247462992485,29.0,149.0,300.0,42.0,36674529.79,30,5.477225575051661,0.0002747479187845152,5.0168768044440206e-05,0.009932770874566272,0.0018247544242125096,0.0018228094596491017,50000,116229
6,LF,4.0,225.0,11.0,19.0,1085.6042434057701,42.0,61.0,300.0,42.0,7674131.18,43,6.557438524302,0.00037738498534342033,5.756152908502909e-05,0.013706649525133615,0.002108852214360581,0.0020804293402345675,50000,120726
7,LF,4.0,109.0,1.0,131.0,157.4540505703026,36.0,32.0,300.0,42.0,1333626.54,68,8.246211251235321,0.0005723520301663188,6.942773871741414e-05,0.020730510382275084,0.002549213896256066,0.0024659070235854437,50000,126230
8,LF,4.0,123.0,15.0,155.0,133.0740685465138,33.0,148.0,300.0,42.0,105024854.71,30,5.477225575051661,0.0002823077719329613,5.15493864715135e-05,0.010181462439191845,0.0018704476481869018,0.0018846671055433315,50000,113390
9,LF,4.0,188.0,1.0,199.0,103.65065640557604,42.0,110.0,300.0,42.0,6791441.66,46,6.782329983125268,0.0004085692969055317,6.025256126345285e-05,0.01481385630623014,0.0022049823813241262,0.0021735956724862697,50000,119496
10,LF,4.0,200.0,1.0,203.0,101.60827893945634,29.0,30.0,300.0,42.0,2080846.97,61,7.810249675906654,0.0005187780650428629,6.643995191807341e-05,0.018821033531311204,0.0024401435898126268,0.0024258656059722114,50000,124724
11,LF,4.0,128.0,3.0,57.0,361.8680811352568,32.0,121.0,300.0,42.0,6530777.23,36,6.0,0.0003131088227108266,5.2192972906970066e-05,0.011346108804808774,0.001905118873773331,0.0018747444678991407,50000,122101
12,LF,4.0,120.0,14.0,94.0,219.43064494371956,5.0,26.0,300.0,42.0,11844292.26,33,5.744562646538029,0.0002847331274051321,4.9572731384270597e-05,0.010317117115079006,0.0018082574777670928,0.0018119406331519605,50000,123089
13,LF,4.0,251.0,4.0,300.0,68.75493541569878,1.0,33.0,300.0,42.0,13514256.5,53,7.280109889280518,0.0004561297818322647,6.266853167054607e-05,0.016609046592925038,0.0023064269118802236,0.0022806059601524317,50000,122799
14,LF,4.0,255.0,5.0,291.0,70.88137671721525,25.0,14.0,300.0,42.0,8234716.63,53,7.280109889280518,0.0004603411736094222,6.324727585419748e-05,0.016786067228771084,0.0023310142524687262,0.0023432937427376715,50000,121504
15,LF,4.0,122.0,8.0,114.0,180.9340405676284,28.0,90.0,300.0,42.0,25473486.65,32,5.656854249492381,0.0002830030157508866,5.0035416467891055e-05,0.010230635171961214,0.0018205334967924028,0.0017781434964821035,50000,120368
16,LF,4.0,238.0,8.0,343.0,60.13551202539251,17.0,48.0,300.0,42.0,42555465.94,42,6.48074069840786,0.00037485608203993107,5.7852389324909226e-05,0.013637307720109591,0.0021225879840434773,0.002105792696682118,50000,118518
17,LF,4.0,212.0,12.0,35.0,589.3280178488468,37.0,127.0,300.0,42.0,19785181.27,48,6.928203230275509,0.00045076771376250177,6.5077377654237e-05,0.016374965795254968,0.0023870304706119345,0.002346990090815551,50000,112804
18,LF,4.0,113.0,8.0,294.0,70.15809736295795,25.0,61.0,300.0,42.0,43777536.93,43,6.557438524302,0.00037206565660935704,5.675003512721703e-05,0.0134743863995642,0.002073110959665347,0.0019973411802562996,50000,122807
19,LF,4.0,249.0,8.0,233.0,88.52566791720872,33.0,148.0,300.0,42.0,86081584.85,45,6.708203932499369,0.0004220794447310416,6.293316588324505e-05,0.015428258679560818,0.0023213632350852498,0.0022800420292426794,50000,112243
20,LF,4.0,176.0,16.0,204.0,101.1101991407335,14.0,140.0,300.0,42.0,140793973.49,32,5.656854249492381,0.00029747794479924886,5.259498918496323e-05,0.010757574729004713,0.0019143149113025684,0.001918183764630718,50000,114472
21,LF,4.0,247.0,19.0,27.0,763.9437268410977,12.0,65.0,300.0,42.0,18450388.13,37,6.082762530298219,0.00033739422235191127,5.547662485615922e-05,0.012324430372586475,0.0020416674544650867,0.00201260241257749,50000,115531
22,LF,4.0,246.0,10.0,245.0,84.18971683554955,10.0,5.0,300.0,42.0,7792748.32,45,6.708203932499369,0.0003943252219174721,5.879412200547605e-05,0.014350705960586593,0.0021592030624781235,0.0021615216940235357,50000,120671
23,LF,4.0,140.0,8.0,345.0,59.78690036147721,35.0,69.0,300.0,42.0,58233015.13,30,5.477225575051661,0.0002689569848128956,4.911120559582827e-05,0.009728375306350862,0.0017872001219598796,0.0017773733837867188,50000,118671
24,LF,4.0,123.0,1.0,298.0,69.21637793526725,13.0,57.0,300.0,42.0,5192410.26,44,6.6332495807108,0.00037298882728921894,5.624066705127459e-05,0.013521405337315037,0.00205698191283642,0.00203513713141197,50000,125226
25,LF,4.0,134.0,19.0,278.0,74.19597347017854,43.0,76.0,300.0,42.0,123224178.61,33,5.744562646538029,0.0003036437246963563,5.286561216913616e-05,0.010976003704217457,0.0019237552664703146,0.001906078513737776,50000,115700
26,LF,4.0,216.0,3.0,188.0,109.71532247185978,36.0,144.0,300.0,42.0,25268843.55,43,6.557438524302,0.000408171014162585,6.225819821861509e-05,0.014856387155771356,0.0022857799557221615,0.0022640959086563284,50000,111383
27,LF,4.0,241.0,11.0,164.0,125.77122332140023,15.0,29.0,300.0,42.0,20083881.4,49,7.0,0.000436424525276996,6.235996401026716e-05,0.01589329570620742,0.0022934971280390726,0.0022458325149438377,50000,118644
28,LF,4.0,247.0,11.0,29.0,711.2579525761944,21.0,70.0,300.0,42.0,11299573.41,35,5.916079783099616,0.00031189848149996437,5.272868681223002e-05,0.011378632229252545,0.0019372933191475533,0.0019350960728393425,50000,118370
29,LF,4.0,154.0,20.0,84.0,245.5533407703528,8.0,109.0,300.0,42.0,58740594.37,36,6.0,0.00032370607488400535,5.3959743909363664e-05,0.011708681805070622,0.001966007431307802,0.0019519370990793378,50000,118320
30,LF,4.0,224.0,11.0,245.0,84.18971683554955,0.0,47.0,300.0,42.0,41816377.99,46,6.782329983125268,0.0004057188721015356,5.9832117969253594e-05,0.014744880039725768,0.0021947136140523403,0.002166644518133846,50000,120055
31,LF,4.0,253.0,7.0,71.0,290.5138116156287,43.0,77.0,300.0,42.0,14453903.29,45,6.708203932499369,0.00040339207917241876,6.0146268302737717e-05,0.014737364699118717,0.002217390559326301,0.0021960322035815944,50000,117505
32,LF,4.0,95.0,2.0,111.0,185.8241497721589,22.0,117.0,300.0,42.0,7910436.98,40,6.324555320336759,0.0003429237680463633,5.4230304581077184e-05,0.012422436451165612,0.0019804217932674847,0.0019410943690834912,50000,123913
33,LF,4.0,216.0,7.0,14.0,1473.3200446221167,34.0,135.0,300.0,42.0,6156195.65,53,7.280109889280518,0.00046527552211814485,6.392537437815728e-05,0.01690418393406491,0.002347420173402045,0.002304815043559413,50000,120655
34,LF,4.0,204.0,15.0,284.0,72.62845290390717,17.0,87.0,300.0,42.0,115706217.76,36,6.0,0.00033390530074664933,5.5660173744809486e-05,0.012103011673227242,0.0020322297077502377,0.001954291946699319,50000,114465
35,LF,4.0,203.0,4.0,351.0,58.76490206469981,40.0,41.0,300.0,42.0,18346112.83,46,6.782329983125268,0.0004116736323038509,6.071045823468153e-05,0.014917344949895734,0.0022203891753836058,0.0022456847890624503,50000,118667
36,LF,4.0,146.0,1.0,185.0,111.49448986329533,26.0,53.0,300.0,42.0,3077273.35,54,7.3484692283495345,0.0004613491900758663,6.27961531854382e-05,0.016721035475015158,0.0023008400137954103,0.002289069828590794,50000,124278
37,LF,4.0,113.0,18.0,162.0,127.32395447351627,31.0,38.0,300.0,42.0,35183263.38,41,6.4031242374328485,0.00035840100701941483,5.5982862992276565e-05,0.012976263690867806,0.0020437546720506908,0.0020149719401746104,50000,121590
38,LF,4.0,178.0,9.0,330.0,62.50448674154434,18.0,125.0,300.0,42.0,113352450.36,42,6.48074069840786,0.00038651966648874493,5.96528045155818e-05,0.013979971425116108,0.002175931629416871,0.0021476066360953177,50000,115613
39,LF,4.0,108.0,5.0,160.0,128.9155039044352,7.0,13.0,300.0,42.0,3521149.97,65,8.06225774829855,0.0005452334018370171,6.764631426327672e-05,0.01975614256908182,0.002483318732767795,0.0024484340690999634,50000,126612
40,LF,4.0,135.0,7.0,211.0,97.75583234459543,40.0,8.0,300.0,42.0,4431659.04,47,6.855654600401044,0.0003998944959202253,5.834226912608573e-05,0.014509595419068854,0.002137014332881618,0.0021061504784137095,50000,124654
41,LF,4.0,209.0,9.0,88.0,234.39182528079132,15.0,1.0,300.0,42.0,2925018.89,70,8.366600265340756,0.0005987972729061343,7.159138791947942e-05,0.021697414410990136,0.002630795540200385,0.0025941291643291394,50000,124152
42,LF,4.0,115.0,18.0,81.0,254.64790894703253,17.0,2.0,300.0,42.0,2875378.77,45,6.708203932499369,0.00038118149321496943,5.683401098040966e-05,0.013822087375843629,0.0020796532419279186,0.002054935056626165,50000,125286
43,LF,4.0,228.0,6.0,235.0,87.77225797748781,9.0,85.0,300.0,42.0,38019252.57,45,6.708203932499369,0.0003975124553902689,5.926943480206847e-05,0.014469414852565947,0.002177067264138052,0.002104538676612919,50000,119681
44,LF,4.0,104.0,14.0,39.0,528.8841185822982,20.0,45.0,300.0,42.0,8595819.01,25,5.0,0.00021488555195502875,4.298172772301349e-05,0.007790617499257452,0.0015661992250849937,0.0015732605451287238,50000,123490
45,LF,4.0,179.0,3.0,337.0,61.206173960562715,20.0,146.0,300.0,42.0,44906172.69,35,5.916079783099616,0.0003214695752009185,5.434700919877211e-05,0.011621227939642481,0.001978603116727322,0.001932471322640819,50000,115899
46,LF,4.0,156.0,20.0,132.0,156.26121685386087,9.0,18.0,300.0,42.0,18148558.96,35,5.916079783099616,0.00030812029016127895,5.208985795665577e-05,0.011154450115335314,0.0018991192624634905,0.0019207751712612472,50000,120749
47,LF,4.0,97.0,7.0,353.0,58.43195644393665,44.0,54.0,300.0,42.0,40505912.53,19,4.358898943540674,0.00016463472752952595,3.777290581891537e-05,0.005964094374055305,0.001373650846964966,0.0013777642998134907,50000,122595
48,LF,4.0,153.0,18.0,7.0,2946.6400892442334,1.0,69.0,300.0,42.0,5915279.19,35,5.916079783099616,0.0003002127221574144,5.075282849848516e-05,0.010878850292199404,0.0018521900237136936,0.0018255380374306784,50000,123808
49,LF,4.0,203.0,20.0,67.0,307.85791977178565,44.0,84.0,300.0,42.0,40017130.44,37,6.082762530298219,0.00036071870765211117,5.931248490831798e-05,0.013060961376085051,0.0021637017106558424,0.0021589954374744984,50000,109016
50,LF,4.0,143.0,6.0,261.0,79.02866139735494,21.0,108.0,300.0,42.0,51575357.98,34,5.830951894845301,0.0003029789964266301,5.196834008434075e-05,0.010970579489182003,0.0018946976750342963,0.0018659657424387446,50000,119265
51,LF,4.0,198.0,4.0,5.0,4125.296124941927,28.0,40.0,300.0,42.0,1265516.37,67,8.18535277187245,0.0005630961885952011,6.881251433385821e-05,0.020428239271041652,0.002530209704114279,0.002496568215239847,50000,126214
52,LF,4.0,221.0,13.0,250.0,82.50592249883854,43.0,123.0,300.0,42.0,124397547.23,37,6.082762530298219,0.0003697079307347196,6.0790843725102526e-05,0.013486017857314719,0.0022341294619254663,0.0022499908755355073,50000,105580
53,LF,4.0,234.0,6.0,282.0,73.14354831457318,45.0,103.0,300.0,42.0,54454268.84,49,7.0,0.000471090430134405,6.731448288082159e-05,0.01722773197660454,0.002486106463495655,0.0024357565474629095,50000,109454
54,LF,4.0,147.0,11.0,82.0,251.54244664280046,25.0,42.0,300.0,42.0,13090587.82,34,5.830951894845301,0.00029711968680089484,5.0963175298960074e-05,0.01076753429874164,0.001859625478392399,0.0018227928243824076,50000,121514
55,LF,4.0,245.0,18.0,22.0,937.5673011231653,30.0,75.0,300.0,42.0,16732829.6,43,6.557438524302,0.00039104773510608305,5.964587930924551e-05,0.014293541194717764,0.0021991655771221377,0.0021778684268219145,50000,115769
56,LF,4.0,120.0,18.0,143.0,144.24112324971773,4.0,65.0,300.0,42.0,52346825.66,26,5.0990195135927845,0.0002269671945108857,4.451698007786248e-05,0.008212504836025303,0.001619287751905445,0.001614738161831519,50000,121832
57,LF,4.0,163.0,11.0,125.0,165.0118449976771,14.0,53.0,300.0,42.0,23955026.9,38,6.164414002968976,0.0003335820567967344,5.412318032032326e-05,0.012088421092623132,0.0019764354521755135,0.0019533007484306107,50000,120970
58,LF,4.0,149.0,8.0,307.0,67.18723330524313,1.0,63.0,300.0,42.0,47657393.88,41,6.4031242374328485,0.0003520552297375042,5.499146708227633e-05,0.012765551770452492,0.0020105622437823463,0.0019803956937727617,50000,123597
59,LF,4.0,133.0,5.0,287.0,71.86927046937156,8.0,8.0,300.0,42.0,4042284.9,53,7.280109889280518,0.0004470197279083694,6.141660453806914e-05,0.016225472248369968,0.0022531506042099718,0.002165723870852253,50000,125702
60,LF,4.0,194.0,5.0,147.0,140.3161947259159,1.0,143.0,300.0,42.0,32775602.11,50,7.0710678118654755,0.0004387812412243752,6.20666505869599e-05,0.015921479424800832,0.0022749275869383746,0.0022399544867541823,50000,120851
61,LF,4.0,197.0,10.0,133.0,155.08632048653863,6.0,101.0,300.0,42.0,42991282.07,38,6.164414002968976,0.00033867187151858687,5.494913479511514e-05,0.012277500898978399,0.0020073545205650375,0.0020079154607004325,50000,119107
62,LF,4.0,242.0,9.0,150.0,137.50987083139756,35.0,119.0,300.0,42.0,51757622.62,39,6.244997998398398,0.0003687978136909096,5.906580169124938e-05,0.013493417310466547,0.0021781582110101875,0.00216422555112304,50000,111226
63,LF,4.0,152.0,2.0,289.0,71.3719052758119,41.0,5.0,300.0,42.0,1165024.05,69,8.306623862918075,0.0005808031918923241,6.994078980467213e-05,0.021076946997991088,0.002573486300183248,0.0025330725814702026,50000,125981
64,LF,4.0,169.0,17.0,49.0,420.9485841777477,38.0,64.0,300.0,42.0,19688942.34,30,5.477225575051661,0.0002749342448930964,5.020279573068749e-05,0.009934736812040372,0.0018251156336371213,0.0018227026584889717,50000,116206
65,LF,4.0,117.0,15.0,239.0,86.30326621217421,45.0,25.0,300.0,42.0,28529673.31,31,5.5677643628300215,0.00026936612069340053,4.8386098934545696e-05,0.009756117700480016,0.00176350720608744,0.001749681274725365,50000,122278
66,LF,4.0,142.0,16.0,216.0,95.49296585513721,3.0,89.0,300.0,42.0,94784855.01,34,5.830951894845301,0.0002988853335208692,5.126607144013766e-05,0.010821054500155415,0.0018688700580306583,0.001855850598314914,50000,120913
67,LF,4.0,196.0,3.0,12.0,1718.8733853924698,10.0,125.0,300.0,42.0,2096461.26,47,6.855654600401044,0.0003978196099674973,5.803949520691063e-05,0.014450589290514043,0.0021283221426080232,0.002110749456823523,50000,125163
68,LF,4.0,228.0,16.0,356.0,57.9395523166001,20.0,42.0,300.0,42.0,77754811.53,45,6.708203932499369,0.0004120124519318806,6.143184143893569e-05,0.014993714405433477,0.002255968427965055,0.0022133422335225503,50000,115496
69,LF,4.0,166.0,6.0,7.0,2946.6400892442334,39.0,85.0,300.0,42.0,2186290.52,48,6.928203230275509,0.0004064283416030211,5.867479802480584e-05,0.014735091829543717,0.0021479359945290872,0.0021536420895637625,50000,125358
70,LF,4.0,199.0,13.0,325.0,63.4660942298758,34.0,11.0,300.0,42.0,17613589.25,32,5.656854249492381,0.0002845810433452502,5.0314454128885883e-05,0.01030149819624082,0.0018331451819647362,0.0018212350230612827,50000,119540
71,LF,4.0,202.0,14.0,76.0,271.40106085144254,34.0,28.0,300.0,42.0,13041676.11,38,6.164414002968976,0.00033994435647638726,5.5155629145873036e-05,0.012316692773184255,0.0020137633476075053,0.0020207795024059015,50000,118728
72,LF,4.0,168.0,6.0,69.0,298.934501807386,7.0,77.0,300.0,42.0,10704778.31,47,6.855654600401044,0.0004063810470796766,5.928881123128828e-05,0.01472937690252463,0.0021693904488043433,0.0021874346568030107,50000,122794
73,LF,4.0,211.0,16.0,254.0,81.2066166327151,35.0,87.0,300.0,42.0,111250660.09,37,6.082762530298219,0.00035682942589038586,5.867286155822179e-05,0.012941066342276262,0.0021438364006834756,0.002179073247614288,50000,110026
74,LF,4.0,192.0,7.0,342.0,60.311346855876124,3.0,105.0,300.0,42.0,77152742.95,40,6.324555320336759,0.0003518648838845883,5.564451017713014e-05,0.012748576463838769,0.0020324244763130013,0.0020370635154799534,50000,120743
75,LF,4.0,127.0,3.0,173.0,119.2282117035239,34.0,133.0,300.0,42.0,21026657.5,37,6.082762530298219,0.0003363789263148325,5.530965499198603e-05,0.012158986237545476,0.0020142556837431554,0.0019852548997899007,50000,117103
76,LF,4.0,187.0,20.0,309.0,66.75236448126095,43.0,74.0,300.0,42.0,142580564.14,37,6.082762530298219,0.00035579659973844144,5.850300549248928e-05,0.01284996990573875,0.0021287427474497218,0.0021324619519171232,50000,110806
77,LF,4.0,254.0,10.0,63.0,327.4044543604704,36.0,19.0,300.0,42.0,7970128.83,46,6.782329983125268,0.0004023194591427097,5.933069940258919e-05,0.014667179600544174,0.002183146066608897,0.0021817736586915563,50000,120691
78,LF,4.0,173.0,18.0,10.0,2062.6480624709634,31.0,106.0,300.0,42.0,9849903.9,37,6.082762530298219,0.00032807235325412306,5.3943609164597964e-05,0.011882677927789362,0.0019684755342665367,0.001939927541322784,50000,119826
79,LF,4.0,237.0,12.0,275.0,75.00538408985322,27.0,41.0,300.0,42.0,45264765.27,41,6.4031242374328485,0.00037293747384889664,5.8253907735472014e-05,0.013583552027245007,0.002139418861796546,0.0021433917918464783,50000,116154
80,LF,4.0,162.0,17.0,348.0,59.27149604801619,34.0,135.0,300.0,42.0,243020432.19,25,5.0,0.0002433326844461748,4.8672457608612716e-05,0.008780193434301671,0.0017651626644914333,0.0017747091626892104,50000,109572
81,LF,4.0,151.0,2.0,138.0,149.467250903693,1.0,109.0,300.0,42.0,9319366.17,57,7.54983443527075,0.0004870546013842604,6.452766642956865e-05,0.017663484127150495,0.0023671393545426026,0.002343371469434371,50000,124183
82,LF,4.0,96.0,4.0,197.0,104.70294733355146,21.0,89.0,300.0,42.0,21290927.41,27,5.196152422706632,0.00023232401455897158,4.471597084031444e-05,0.008414752734371315,0.0016284829657641328,0.0016082772126445718,50000,123477
83,LF,4.0,144.0,13.0,332.0,62.127953688884446,12.0,122.0,300.0,42.0,159978965.05,34,5.830951894845301,0.0003047741981749404,5.2276308189436074e-05,0.011034418408410641,0.001905724672412205,0.0019220670883483468,50000,118575
84,LF,4.0,174.0,1.0,311.0,66.32308882543292,2.0,105.0,300.0,42.0,9988922.55,56,7.483314773547883,0.00047792172324918495,6.388023605311587e-05,0.01734465955043259,0.0023445980971347627,0.0023080561515103288,50000,124247
85,LF,4.0,220.0,14.0,107.0,192.77084695990314,8.0,74.0,300.0,42.0,38072189.33,43,6.557438524302,0.00038836354440440385,5.923638456779229e-05,0.01408332953667992,0.0021668171660426784,0.002145555500033898,50000,117497
86,LF,4.0,210.0,19.0,280.0,73.66600223110585,4.0,111.0,300.0,42.0,183416433.89,37,6.082762530298219,0.0003387813029345786,5.570473658521071e-05,0.012288054726944915,0.0020356405106611223,0.0020057408317312574,50000,115873
87,LF,4.0,205.0,13.0,321.0,64.25694898663437,0.0,71.0,300.0,42.0,92766727.28,36,6.0,0.00031953986259785906,5.326515189700816e-05,0.011586471557406296,0.0019454840371723077,0.001959807645638034,50000,119568
88,LF,4.0,137.0,3.0,360.0,57.29577951308232,26.0,56.0,300.0,42.0,18513451.3,42,6.48074069840786,0.0003640555791517505,5.618521991526812e-05,0.013189597248039014,0.002052892047988987,0.0020196857150301182,50000,122541
89,LF,4.0,145.0,18.0,92.0,224.20087635553952,29.0,124.0,300.0,42.0,64608083.11,33,5.744562646538029,0.0003097253768325418,5.392461656073023e-05,0.01118579783826266,0.0019605309858276216,0.0019134543115072412,50000,113530
90,LF,4.0,253.0,10.0,30.0,687.5493541569879,5.0,120.0,300.0,42.0,15146016.45,47,6.855654600401044,0.0004181420259425989,6.100503344470345e-05,0.015276264019397363,0.0022499534396435874,0.0022185180199017674,50000,118398
91,LF,4.0,109.0,17.0,321.0,64.25694898663437,16.0,99.0,300.0,42.0,163768681.45,33,5.744562646538029,0.0002911208151382824,5.068500521873413e-05,0.010535725130277177,0.0018465775776355946,0.0018436058629515255,50000,120535
92,LF,4.0,105.0,16.0,143.0,144.24112324971773,16.0,52.0,300.0,42.0,37164673.86,29,5.385164807134504,0.00025062006861804637,4.654480983161776e-05,0.009077102888915714,0.0016957065010224303,0.001668224415015132,50000,122946
93,LF,4.0,135.0,15.0,346.0,59.61410585176196,9.0,62.0,300.0,42.0,98654575.04,44,6.6332495807108,0.0003838101884159107,5.7872665849413025e-05,0.013910644787060784,0.002116206571784899,0.0020937054381320363,50000,121722
94,LF,4.0,163.0,9.0,316.0,65.27367286300519,43.0,39.0,300.0,42.0,34947735.79,37,6.082762530298219,0.00032769172179858473,5.388101322393495e-05,0.011884165605622924,0.0019687220193404303,0.0019372040670110329,50000,119811
95,LF,4.0,225.0,8.0,51.0,404.440796562934,1.0,49.0,300.0,42.0,8726462.78,55,7.416198487095663,0.0004808701126110373,6.485610081561198e-05,0.01745642680613348,0.002380590791131399,0.002325776751675868,50000,121247
96,LF,4.0,217.0,11.0,257.0,80.25867947357835,9.0,129.0,300.0,42.0,112997776.16,40,6.324555320336759,0.0003653868990527345,5.778329514708847e-05,0.013258181323089046,0.0021136813044633973,0.0020742039197904636,50000,116102
97,LF,4.0,252.0,14.0,319.0,64.65981387056311,9.0,107.0,300.0,42.0,149582622.83,45,6.708203932499369,0.0004081188442074332,6.085117869329456e-05,0.01491031701684098,0.002243417991910325,0.0022623491955715033,50000,116142
98,LF,4.0,150.0,9.0,59.0,349.60136652050227,35.0,141.0,300.0,42.0,23890906.87,32,5.656854249492381,0.00029936478534609376,5.2928638148527347e-05,0.010823572119980203,0.0019260608044380386,0.001893558618793037,50000,113774
99,LF,4.0,100.0,6.0,17.0,1213.322389688802,6.0,17.0,300.0,42.0,943787.22,77,8.774964387392123,0.000644346072417804,7.34537032247206e-05,0.023346268837148583,0.002702778805883245,0.002684529978227331,50000,126922
100,LF,4.0,205.0,16.0,43.0,479.68559592348,13.0,106.0,300.0,42.0,26788432.86,36,6.0,0.0003315802562378536,5.527253740246734e-05,0.01201348645637243,0.002017195120555972,0.0019895460561490967,50000,115318
101,LF,4.0,250.0,16.0,191.0,107.99204515554783,41.0,147.0,300.0,42.0,141882768.95,34,5.830951894845301,0.00032839136523880814,5.6327901032337085e-05,0.012017728571613638,0.002075575668591703,0.0020283162979969397,50000,108873
102,LF,4.0,233.0,1.0,72.0,286.4788975654116,37.0,31.0,300.0,42.0,1013642.09,76,8.717797887081348,0.0006382585619026823,7.32366389629023e-05,0.023175819954429574,0.002700100811899582,0.0026736542688293573,50000,126195
103,LF,4.0,155.0,10.0,349.0,59.10166368111641,16.0,78.0,300.0,42.0,83376597.2,32,5.656854249492381,0.000283088137722379,5.005046830740782e-05,0.010253806074961926,0.0018246572829010096,0.0017759708452191887,50000,120096
104,LF,4.0,129.0,7.0,34.0,606.6611948444012,31.0,47.0,300.0,42.0,4169296.57,41,6.4031242374328485,0.0003512529449560934,5.4866127194874777e-05,0.012733408405948046,0.0020054988709593455,0.001959990106855196,50000,123909
105,LF,4.0,154.0,15.0,25.0,825.0592249883855,31.0,7.0,300.0,42.0,3479310.83,42,6.48074069840786,0.00035618878005342833,5.497090937718659e-05,0.0129064868071449,0.0020088201213363465,0.0020216731520142964,50000,125229
106,LF,4.0,166.0,17.0,194.0,106.3220650758229,27.0,102.0,300.0,42.0,104495899.08,34,5.830951894845301,0.0003180959152742174,5.456167526239514e-05,0.011498630459954404,0.001985909295834057,0.001968898690831384,50000,113788
107,LF,4.0,214.0,10.0,277.0,74.46382897007089,23.0,78.0,300.0,42.0,67970651.06,42,6.48074069840786,0.00038622820569410727,5.960781376456295e-05,0.013985293948826662,0.0021767602087921795,0.002131864014089416,50000,115569
108,LF,4.0,130.0,14.0,213.0,96.83793720520957,44.0,95.0,300.0,42.0,86811033.83,39,6.244997998398398,0.0003592119442576747,5.753027545685685e-05,0.012979044517823066,0.0020951124404160262,0.0020520888644734213,50000,115634
109,LF,4.0,147.0,16.0,104.0,198.3315444683619,23.0,72.0,300.0,42.0,38613407.21,34,5.830951894845301,0.0003047195683736937,5.226693640098855e-05,0.011016116279740105,0.0019025633149673301,0.0018967676735227243,50000,118772
110,LF,4.0,125.0,20.0,258.0,79.94759932058,8.0,49.0,300.0,42.0,78494079.42,30,5.477225575051661,0.0002627660506262591,4.7980600352559174e-05,0.009509765533323694,0.0017470344128561052,0.0016888053726449204,50000,121399
111,LF,4.0,184.0,17.0,170.0,121.33223896888019,0.0,75.0,300.0,42.0,69340398.48,25,5.0,0.0002245132552625907,4.4907691389807245e-05,0.008130135760804702,0.001634461956706482,0.001639629529245888,50000,118333
112,LF,4.0,111.0,17.0,18.0,1145.9155902616465,31.0,20.0,300.0,42.0,3586043.04,52,7.211102550927978,0.0004410068525680168,6.11701306777778e-05,0.015982395239567352,0.0022401806426598824,0.0021851965829560623,50000,125206
113,LF,4.0,206.0,16.0,220.0,93.75673011231653,28.0,150.0,300.0,42.0,163354568.07,38,6.164414002968976,0.00037668143654404697,6.11173055760536e-05,0.013689851988640785,0.002238312416281019,0.0022233144303387756,50000,106819
114,LF,4.0,184.0,19.0,109.0,189.23376719917096,42.0,131.0,300.0,42.0,86309851.88,30,5.477225575051661,0.00030227918505531707,5.5196716624791875e-05,0.010930674941581581,0.0020081056062724537,0.00198377686121725,50000,105618
115,LF,4.0,232.0,20.0,172.0,119.92139898087,2.0,83.0,300.0,42.0,93636147.99,37,6.082762530298219,0.0003395429934844453,5.583000020512439e-05,0.01235716003797169,0.0020470903143183744,0.002042621271483728,50000,115225
116,LF,4.0,167.0,12.0,73.0,282.5545291056115,22.0,143.0,300.0,42.0,39996234.49,30,5.477225575051661,0.00028054425585636136,5.122732335774152e-05,0.010152274314783877,0.001865084767206127,0.00187433670515589,50000,113716
117,LF,4.0,250.0,5.0,205.0,100.61697865712019,23.0,115.0,300.0,42.0,37405320.62,51,7.14142842854285,0.00046271513985791924,6.480806812788081e-05,0.01694226779953503,0.002397441098907386,0.0023560098920051417,50000,115841
118,LF,4.0,149.0,2.0,32.0,644.5775195221761,22.0,76.0,300.0,42.0,1745725.82,61,7.810249675906654,0.0005164283476832686,6.613894574766928e-05,0.01872315743171946,0.002427450960568578,0.0023815938439650667,50000,125376
119,LF,4.0,104.0,19.0,178.0,115.87910463320024,37.0,104.0,300.0,42.0,107324507.9,13,3.605551275463989,0.00011793415645326632,3.271097856338062e-05,0.0042626121059560285,0.0011854293820146703,0.0011488037636528706,50000,117363
120,LF,4.0,248.0,14.0,62.0,332.68517136628446,19.0,14.0,300.0,42.0,9683841.61,46,6.782329983125268,0.0004078845863961623,6.015156500028481e-05,0.014848026548756317,0.0022100694460087346,0.002185734237343598,50000,119221
121,LF,4.0,103.0,17.0,58.0,355.6289762880972,7.0,96.0,300.0,42.0,29934923.76,39,6.244997998398398,0.0003385828138836317,5.4225818531952935e-05,0.012263996484391975,0.0019796693558693863,0.001973020502711534,50000,122376
122,LF,4.0,238.0,19.0,336.0,61.3883351925882,23.0,119.0,300.0,42.0,235793764.02,41,6.4031242374328485,0.0003900304414003044,6.092439899528649e-05,0.014264000634397552,0.002246609517945694,0.0022596212563556883,50000,110613
123,LF,4.0,218.0,4.0,268.0,76.96447994294641,27.0,58.0,300.0,42.0,19891442.02,53,7.280109889280518,0.00047510622658084874,6.527636029801621e-05,0.01723952997738616,0.002393998617693268,0.0023731292165327707,50000,118308
124,LF,4.0,212.0,17.0,175.0,117.86560356976933,6.0,6.0,300.0,42.0,10956440.85,45,6.708203932499369,0.0004034101605572439,6.01489648036126e-05,0.01464426850260414,0.0022033806472826585,0.0021920571672771902,50000,118252
125,LF,4.0,246.0,18.0,223.0,92.49542881035713,17.0,132.0,300.0,42.0,166836831.9,40,6.324555320336759,0.0003717644871973605,5.8792051987788425e-05,0.013595546479657347,0.002167474981489348,0.0021936274973131074,50000,113221
126,LF,4.0,227.0,1.0,159.0,129.72629323716754,20.0,150.0,300.0,42.0,7481625.11,59,7.681145747868608,0.0005189367952574454,6.757734360610653e-05,0.01887873145993543,0.0024877757865552313,0.002496070255708839,50000,120266
127,LF,4.0,137.0,3.0,119.0,173.33176995554317,23.0,16.0,300.0,42.0,2083051.3,42,6.48074069840786,0.0003548526094340101,5.476466048456595e-05,0.012867338877254587,0.002002725970972464,0.001999695257948704,50000,125610
128,LF,4.0,124.0,10.0,5.0,4125.296124941927,3.0,39.0,300.0,42.0,1713208.75,72,8.48528137423857,0.0006048793601720546,7.130727259952646e-05,0.021921298012990323,0.002621810686888915,0.0025953470382077677,50000,126395
129,LF,4.0,239.0,15.0,16.0,1289.1550390443522,11.0,147.0,300.0,42.0,16664489.75,50,7.0710678118654755,0.0004526771325619715,6.403270217588035e-05,0.01650704085280709,0.002358612632361567,0.0023049112313002357,50000,116564
130,LF,4.0,133.0,17.0,41.0,503.0848932856009,6.0,145.0,300.0,42.0,32722818.38,26,5.0990195135927845,0.00023210969861448366,4.5525739583625376e-05,0.008399972204399477,0.0016562553270974966,0.001657085958034198,50000,119113
131,LF,4.0,231.0,17.0,119.0,173.33176995554317,31.0,46.0,300.0,42.0,34486897.5,41,6.4031242374328485,0.00038047159918708993,5.9430983612351845e-05,0.013840695306612659,0.0021799262675537114,0.0021507892631623974,50000,113996
132,LF,4.0,160.0,7.0,297.0,69.44942971282705,34.0,116.0,300.0,42.0,73575822.29,32,5.656854249492381,0.00029876107516641924,5.282188434506495e-05,0.010798420666426639,0.0019215844692986256,0.0019007431647230294,50000,114039
133,LF,4.0,235.0,14.0,151.0,136.59920943516315,11.0,131.0,300.0,42.0,88534092.81,46,6.782329983125268,0.0004260640022229426,6.283309111829342e-05,0.015552323568108775,0.0023149220297478466,0.002281748776065253,50000,113822
134,LF,4.0,175.0,2.0,331.0,62.31565143416808,24.0,95.0,300.0,42.0,19260691.82,50,7.0710678118654755,0.000448913629017777,6.35002225097722e-05,0.01625628757512213,0.002322776274592797,0.0022742546541139465,50000,118362
135,LF,4.0,157.0,12.0,111.0,185.8241497721589,12.0,4.0,300.0,42.0,3751848.67,49,7.0,0.0004189000880545083,5.9855402501412444e-05,0.015185254604490992,0.0021913028281172423,0.0021666556650914936,50000,124176
136,LF,4.0,102.0,15.0,241.0,85.58705653406487,26.0,122.0,300.0,42.0,133599157.86,22,4.69041575982343,0.00019692968715033792,4.198968426927636e-05,0.007115255176115731,0.0015239037045361495,0.0015362110273960128,50000,118986
137,LF,4.0,144.0,18.0,140.0,147.33200446221173,38.0,4.0,300.0,42.0,5992126.47,37,6.082762530298219,0.0003203990266797135,5.268171307707918e-05,0.01161599456158405,0.0019242904007460398,0.0019146430009932356,50000,122577
138,LF,4.0,194.0,6.0,169.0,122.05018121129966,27.0,80.0,300.0,42.0,25843964.47,38,6.164414002968976,0.0003475524987195434,5.6390256993607114e-05,0.012586707805705066,0.002057917563748725,0.0020710062402100435,50000,116181
139,LF,4.0,229.0,19.0,100.0,206.26480624709637,23.0,126.0,300.0,42.0,79162379.55,37,6.082762530298219,0.00035497054703839437,5.836715500969015e-05,0.012980825473614383,0.002150424051843793,0.002160615915892497,50000,109689
140,LF,4.0,195.0,6.0,222.0,92.91207488607942,0.0,36.0,300.0,42.0,15908681.82,56,7.483314773547883,0.0004819443010086406,6.44180335535227e-05,0.017487802606204642,0.0023639520347294783,0.0023086493192446367,50000,123230
141,LF,4.0,177.0,3.0,92.0,224.20087635553952,18.0,36.0,300.0,42.0,3591525.61,52,7.211102550927978,0.000444592641991775,6.166761035186339e-05,0.016153338916906304,0.002264145973445658,0.0022529808524270273,50000,123881
142,LF,4.0,234.0,13.0,207.0,99.64483393579535,4.0,86.0,300.0,42.0,74411101.08,49,7.0,0.00043879680126086916,6.269900885981393e-05,0.015995624343786517,0.00230826676687706,0.0022587550401388544,50000,117885
143,LF,4.0,126.0,12.0,15.0,1375.0987083139757,15.0,9.0,300.0,42.0,1921883.77,46,6.782329983125268,0.0003868309296556364,5.7046139375134944e-05,0.014016917991680077,0.0020863401501901146,0.002056592872376984,50000,126290
144,LF,4.0,96.0,18.0,54.0,381.97186342054886,25.0,104.0,300.0,42.0,31796212.97,17,4.123105625617661,0.00015034801142644886,3.6467490022501676e-05,0.005435973322049123,0.00132307005451245,0.001310312916077681,50000,120347
145,LF,4.0,106.0,13.0,44.0,468.78365056158265,30.0,79.0,300.0,42.0,14713090.43,29,5.385164807134504,0.000254707700955593,4.730405586831355e-05,0.00922110531440047,0.0017226109835592708,0.0017267995734840383,50000,121026
146,LF,4.0,190.0,6.0,90.0,229.1831180523293,32.0,57.0,300.0,42.0,10682249.08,47,6.855654600401044,0.00041917502787068003,6.115577533523099e-05,0.015171191492632064,0.0022344749169331177,0.0022185627900941796,50000,119218
147,LF,4.0,118.0,10.0,127.0,162.4132332654302,23.0,145.0,300.0,42.0,56274437.08,27,5.196152422706632,0.00024386278653877418,4.693713721517364e-05,0.008820874281631749,0.001707087411908083,0.001686186883528996,50000,117792
148,LF,4.0,191.0,2.0,122.0,169.06951331729215,10.0,97.0,300.0,42.0,7568484.74,55,7.416198487095663,0.0004768221106747466,6.431000702303538e-05,0.017281540416441577,0.002356735718985347,0.0023535962961463716,50000,122474
149,LF,4.0,243.0,4.0,156.0,132.22102964557456,29.0,12.0,300.0,42.0,3779723.41,52,7.211102550927978,0.00044822949350067237,6.217217601879985e-05,0.016300845376061177,0.002284825623342184,0.0022687344599403333,50000,122760
150,LF,4.0,99.0,5.0,79.0,261.09469145202075,19.0,46.0,300.0,42.0,5790794.66,42,6.48074069840786,0.00035737381300840677,5.51538291623139e-05,0.01292682222448612,0.002011985734063483,0.0019889420006288204,50000,125032
151,LF,4.0,231.0,10.0,135.0,152.7887453682195,19.0,67.0,300.0,42.0,30784336.86,39,6.244997998398398,0.0003538377789874796,5.666941352559715e-05,0.012870412775696357,0.0020775739255004017,0.0020047816167489602,50000,116610
152,LF,4.0,243.0,4.0,23.0,896.8035054221581,40.0,114.0,300.0,42.0,4679723.41,56,7.483314773547883,0.000483016784833273,6.456141936797628e-05,0.01758225568796585,0.002376722787409262,0.002370762592811646,50000,122568
153,LF,4.0,186.0,13.0,305.0,67.62780532691684,15.0,52.0,300.0,42.0,65088665.48,34,5.830951894845301,0.00030722243808112477,5.2696306334112026e-05,0.011117016693946095,0.0019199920315317168,0.0018960829081607364,50000,117694
154,LF,4.0,168.0,1.0,103.0,200.25709344378285,32.0,142.0,300.0,42.0,4567254.06,50,7.0710678118654755,0.0004353618292162616,6.158286137974236e-05,0.01577191824361751,0.002253553369701894,0.0022325161514991742,50000,121997
155,LF,4.0,219.0,19.0,264.0,78.13060842693044,20.0,22.0,300.0,42.0,39867790.22,37,6.082762530298219,0.000337172851206532,5.544021939076787e-05,0.01225020661764321,0.002029369605850264,0.0020087772247865277,50000,116231
156,LF,4.0,183.0,1.0,117.0,176.29470619409946,42.0,71.0,300.0,42.0,2704823.52,54,7.3484692283495345,0.0004612743130002477,6.278595900635246e-05,0.016749067838832385,0.0023046981308543937,0.0022954153890844334,50000,124070
157,LF,4.0,101.0,9.0,309.0,66.75236448126095,37.0,136.0,300.0,42.0,114149038.88,11,3.3166247903554,0.00010012014417300761,3.0188870432482144e-05,0.0036169649520024372,0.0010930492660579032,0.0010818675239982526,50000,117034
158,LF,4.0,151.0,20.0,198.0,104.17414456924057,19.0,43.0,300.0,42.0,54758532.43,39,6.244997998398398,0.0003471665865513005,5.560079342385722e-05,0.012569461430913654,0.002028985806480959,0.0020012389252283664,50000,119402
159,LF,4.0,226.0,5.0,359.0,57.455377784706506,26.0,97.0,300.0,42.0,53910885.26,44,6.6332495807108,0.0004074753199607342,6.144172997181558e-05,0.014828843585152279,0.002255917275921961,0.0022358443732463694,50000,114185
160,LF,4.0,172.0,14.0,46.0,448.40175271107904,0.0,112.0,300.0,42.0,24681623.1,48,6.928203230275509,0.0004256375696094775,6.144856458345793e-05,0.0154215435352731,0.0022480197946311226,0.002200271002731637,50000,119778
161,LF,4.0,222.0,9.0,249.0,82.83727158517927,39.0,27.0,300.0,42.0,21169593.46,41,6.4031242374328485,0.0003677163023883622,5.743819582069682e-05,0.01334831263840929,0.0021023621769999464,0.0020675203084065626,50000,118201
162,LF,4.0,194.0,18.0,164.0,125.77122332140023,3.0,124.0,300.0,42.0,114897446.65,39,6.244997998398398,0.000356428042661695,5.708433494595323e-05,0.0128958483740673,0.0020816804797936907,0.00206746393271529,50000,116380
163,LF,4.0,169.0,6.0,214.0,96.38542347995157,25.0,21.0,300.0,42.0,9243735.3,52,7.211102550927978,0.00044830677977791573,6.218289850067425e-05,0.01625595478732784,0.0022785321845658828,0.002267122476160299,50000,123099
164,LF,4.0,207.0,13.0,344.0,59.960699490435,33.0,64.0,300.0,42.0,89815780.2,41,6.4031242374328485,0.00038434857603539756,6.003669718075848e-05,0.013939498022516665,0.0021954905860414476,0.002189063033883597,50000,113188
165,LF,4.0,146.0,8.0,181.0,113.95845649010849,42.0,128.0,300.0,42.0,56795296.18,34,5.830951894845301,0.00032341218883466977,5.5473701063254686e-05,0.01166563684392061,0.0020147570007435613,0.002009469545532648,50000,112159
166,LF,4.0,233.0,2.0,192.0,107.42958658702936,41.0,63.0,300.0,42.0,7951577.82,59,7.681145747868608,0.0005209713024282561,6.784235157258407e-05,0.018938570957080847,0.0024956631282612046,0.002454487867389807,50000,119886
167,LF,4.0,141.0,2.0,240.0,85.94366926962348,39.0,93.0,300.0,42.0,13648969.71,40,6.324555320336759,0.0003571460459468388,5.647983119918518e-05,0.012920430831507292,0.0020598266493979927,0.002030957306747412,50000,119137
168,LF,4.0,190.0,2.0,238.0,86.66588497777158,11.0,43.0,300.0,42.0,6603646.69,54,7.3484692283495345,0.000462792351927873,6.299263336852631e-05,0.016809085772233688,0.0023129584571407904,0.002273395163985957,50000,123627
169,LF,4.0,208.0,6.0,179.0,115.2317353335734,16.0,27.0,300.0,42.0,10425868.53,49,7.0,0.0004268552960546375,6.099234129381099e-05,0.015483131826609355,0.00223429637066918,0.0022256258483573797,50000,121787
170,LF,4.0,191.0,19.0,300.0,68.75493541569878,30.0,114.0,300.0,42.0,200204680.97,33,5.744562646538029,0.0003221240665723071,5.60836331981105e-05,0.011645547177187656,0.0020411231234474755,0.00205188039388862,50000,109048
171,LF,4.0,157.0,15.0,252.0,81.8511135901176,29.0,10.0,300.0,42.0,14128226.31,37,6.082762530298219,0.0003225778328000628,5.304002173799154e-05,0.011691920458653549,0.0019368700668887736,0.0019052144380554128,50000,121781
172,LF,4.0,250.0,4.0,210.0,98.22133630814112,38.0,111.0,300.0,42.0,29593463.93,51,7.14142842854285,0.0004693669068720837,6.573993582570159e-05,0.017156425054993117,0.002427752358425915,0.002369892444368856,50000,114395
173,LF,4.0,211.0,2.0,327.0,63.07792239972366,37.0,121.0,300.0,42.0,24310323.67,42,6.48074069840786,0.0003975465697410268,6.135495956876263e-05,0.014405868678389845,0.0022422331799534746,0.002219457244608556,50000,112195
174,LF,4.0,115.0,13.0,133.0,155.08632048653863,35.0,108.0,300.0,42.0,57357868.2,33,5.744562646538029,0.0002993849001143106,5.212402246151668e-05,0.010813842794549833,0.0018953295161139325,0.001899296236619061,50000,117435
175,LF,4.0,107.0,4.0,231.0,89.29212391649193,18.0,34.0,300.0,42.0,9734460.5,47,6.855654600401044,0.00039725135868416825,5.795657429230131e-05,0.01439148855692457,0.002119616029171222,0.0021380444135534068,50000,125677
176,LF,4.0,185.0,18.0,46.0,448.40175271107904,44.0,12.0,300.0,42.0,7641428.1,38,6.164414002968976,0.00033288948069241014,5.4010792205850886e-05,0.01207295190567282,0.0019739058769269184,0.0019421786929376824,50000,121125
177,LF,4.0,210.0,11.0,155.0,133.0740685465138,45.0,82.0,300.0,42.0,45318647.59,43,6.557438524302,0.0004110702165288466,6.27005035099569e-05,0.014894900495713407,0.002291706683168127,0.002245288159591325,50000,111095
178,LF,4.0,218.0,17.0,95.0,217.12084868115406,21.0,73.0,300.0,42.0,41267311.45,32,5.656854249492381,0.00029712715185054505,5.253295873248199e-05,0.010802967728843748,0.0019223937334574223,0.0019150851830815328,50000,113991
179,LF,4.0,224.0,1.0,217.0,95.05290610465269,13.0,118.0,300.0,42.0,7999886.26,50,7.0710678118654755,0.00043525950171492244,6.156838378724201e-05,0.015814176837262828,0.002259592658241082,0.002193003478746864,50000,121671
180,LF,4.0,145.0,17.0,334.0,61.75593001410071,2.0,24.0,300.0,42.0,43684830.56,28,5.291502622129181,0.0002440321076530212,4.612336024379701e-05,0.008830826504350206,0.0016785563036947168,0.0016423264741084584,50000,122017
181,LF,4.0,118.0,15.0,112.0,184.1650055777646,16.0,100.0,300.0,42.0,52067148.97,28,5.291502622129181,0.0002477021205070816,4.6817097990612866e-05,0.008964914117256547,0.0017040465024523704,0.0016880931721368496,50000,120192
182,LF,4.0,208.0,11.0,207.0,99.64483393579535,24.0,6.0,300.0,42.0,7413426.36,41,6.4031242374328485,0.00035857026665383975,5.600930638102543e-05,0.01300675077014646,0.002048557168783876,0.0020240981569872693,50000,121305
183,LF,4.0,140.0,5.0,324.0,63.66197723675813,26.0,15.0,300.0,42.0,7950519.86,35,5.916079783099616,0.0002988081822217669,5.0515346819010014e-05,0.010834569694295283,0.0018446499381784554,0.0018231337624567603,50000,124314
184,LF,4.0,230.0,4.0,85.0,242.6644779377604,3.0,113.0,300.0,42.0,12902168.38,55,7.416198487095663,0.00047782874617737,6.444580650455128e-05,0.017384021461358055,0.002370714453846872,0.0023368278253069565,50000,121752
185,LF,4.0,98.0,5.0,286.0,72.12056162485887,35.0,9.0,300.0,42.0,4194291.56,69,8.306623862918075,0.0005792964486609017,6.975929404268653e-05,0.020999603462010484,0.002564040182372064,0.002560318965645726,50000,126445
186,LF,4.0,121.0,16.0,107.0,192.77084695990314,41.0,67.0,300.0,42.0,36298065.68,35,5.916079783099616,0.00031415210347272713,5.310973767923978e-05,0.011361451357469264,0.0019343677275374023,0.0019488990405138664,50000,118549
187,LF,4.0,229.0,18.0,226.0,91.26761338367096,12.0,62.0,300.0,42.0,82564755.34,35,5.916079783099616,0.0003225182222795588,5.452431997453877e-05,0.011736978432296557,0.001998313487336055,0.0019754779860883687,50000,114756
188,LF,4.0,230.0,12.0,115.0,179.36070108443164,4.0,23.0,300.0,42.0,13937621.57,52,7.211102550927978,0.00046116870792944117,6.396733796297501e-05,0.016752827827718083,0.0023481917305205177,0.002304704698671807,50000,119448
189,LF,4.0,159.0,14.0,183.0,112.71300887819474,30.0,51.0,300.0,42.0,41831292.34,27,5.196152422706632,0.00024160857620960887,4.650320894032303e-05,0.008746545868712525,0.0016927011556929436,0.001657604965082423,50000,118793
190,LF,4.0,238.0,9.0,323.0,63.8590731415159,42.0,68.0,300.0,42.0,62752777.67,38,6.164414002968976,0.00035623886753538954,5.7799867883475833e-05,0.013002590135372074,0.0021259253304368128,0.0020510521597215,50000,112465
191,LF,4.0,244.0,8.0,340.0,60.6661194844401,14.0,127.0,300.0,42.0,106824059.2,44,6.6332495807108,0.00040002545616539233,6.031816735974239e-05,0.01462140239860639,0.0022243532866684,0.002210186511199157,50000,115805
192,LF,4.0,248.0,15.0,145.0,142.25159051523886,41.0,19.0,300.0,42.0,18916524.67,43,6.557438524302,0.00038826886264311774,5.922194012854292e-05,0.01418157718409092,0.0021819359790278504,0.002141783493580384,50000,116683
193,LF,4.0,110.0,5.0,26.0,793.3261778734476,15.0,100.0,300.0,42.0,4315475.63,55,7.416198487095663,0.0004693393408768966,6.330055330665743e-05,0.01701165741790323,0.002319923008450242,0.0022778562665976645,50000,124417
194,LF,4.0,180.0,5.0,269.0,76.67836663460832,5.0,140.0,300.0,42.0,57565210.09,37,6.082762530298219,0.0003277671967046109,5.3893425288019476e-05,0.011885157597810435,0.0019688863770191433,0.001993331311569245,50000,119801
195,LF,4.0,182.0,4.0,36.0,572.9577951308232,6.0,20.0,300.0,42.0,1733492.32,57,7.54983443527075,0.0004829239775991053,6.398028664731604e-05,0.017518884171633844,0.0023477567484951976,0.00230020421416002,50000,125208
196,LF,4.0,171.0,12.0,264.0,78.13060842693044,30.0,136.0,300.0,42.0,131779411.11,29,5.385164807134504,0.00027992818394177493,5.198863379695247e-05,0.010111750827072026,0.0018890156451012463,0.0018677400570789621,50000,110366
197,LF,4.0,213.0,1.0,136.0,151.6652987111003,29.0,83.0,300.0,42.0,3674144.75,61,7.810249675906654,0.0005237535095778203,6.707732431508264e-05,0.01904287777465307,0.002468912596200868,0.0024797168150891944,50000,123271
198,LF,4.0,130.0,2.0,123.0,167.69496442853364,45.0,88.0,300.0,42.0,6713356.44,53,7.280109889280518,0.00046298318410133214,6.361035141724979e-05,0.01676316522203174,0.002327833264330918,0.0023165528502008394,50000,121670
199,LF,4.0,112.0,5.0,39.0,528.8841185822982,43.0,30.0,300.0,42.0,2185052.62,47,6.855654600401044,0.00039616645734467324,5.779826239813926e-05,0.014367024706838528,0.002116012269720885,0.0020975042982208426,50000,125891
200,LF,4.0,171.0,19.0,279.0,73.93003808139655,19.0,7.0,300.0,42.0,15441736.8,31,5.5677643628300215,0.00027532550579959853,4.945672756851629e-05,0.009966236927145326,0.001801493027222551,0.001774409865297815,50000,119700
201,LF,4.0,206.0,10.0,8.0,2578.3100780887044,24.0,18.0,300.0,42.0,3363482.94,51,7.14142842854285,0.00043398715057652216,6.07835417141241e-05,0.015722885993718707,0.0022248561244425525,0.0021822501714546484,50000,124825
202,LF,4.0,193.0,8.0,60.0,343.77467707849394,5.0,149.0,300.0,42.0,23486775.76,45,6.708203932499369,0.00040244687701223436,6.0005309120140894e-05,0.014584943014746912,0.0021944528577203565,0.002158468047117813,50000,118733
203,LF,4.0,241.0,4.0,75.0,275.0197416627951,21.0,96.0,300.0,42.0,10148592.79,55,7.416198487095663,0.0004869626809509053,6.567802003869307e-05,0.017769619519463237,0.00242331156025359,0.0024281839304786485,50000,119110
204,LF,4.0,215.0,19.0,28.0,736.6600223110584,36.0,138.0,300.0,42.0,28561599.8,46,6.782329983125268,0.00044280584888769093,6.530261394667547e-05,0.01610777885810602,0.002397617051593205,0.002394031948868717,50000,109897
205,LF,4.0,188.0,12.0,148.0,139.36811232911916,36.0,126.0,300.0,42.0,70148728.95,39,6.244997998398398,0.00038170180280697636,6.113286891169227e-05,0.013799998471554891,0.0022276564276760185,0.002231789390695744,50000,108755
206,LF,4.0,243.0,7.0,220.0,93.75673011231653,10.0,146.0,300.0,42.0,70200893.57,51,7.14142842854285,0.00046418494584508967,6.501397750094016e-05,0.01696262159829508,0.0024003219154099804,0.0023727205376003974,50000,115702
207,LF,4.0,192.0,20.0,128.0,161.14437988054402,11.0,91.0,300.0,42.0,75535829.61,36,6.0,0.0003341036278085586,5.5693239294099195e-05,0.012088648713152206,0.0020298176344716325,0.0020179247189590793,50000,114601
208,LF,4.0,236.0,1.0,302.0,68.29960471758157,39.0,2.0,300.0,42.0,534120.24,77,8.774964387392123,0.0006383313851791059,7.276782650801527e-05,0.02313374502957789,0.0026781679292510697,0.0026118897660422284,50000,128088
209,LF,4.0,182.0,7.0,20.0,1031.3240312354817,41.0,31.0,300.0,42.0,2873091.64,56,7.483314773547883,0.00047863656954332944,6.39758070868838e-05,0.017362406664216873,0.0023469976266412063,0.0023212860972822895,50000,124120
210,LF,4.0,164.0,12.0,248.0,83.17129284157112,2.0,132.0,300.0,42.0,120185135.38,35,5.916079783099616,0.00031137681933027293,5.2640482335718327e-05,0.011275469824756381,0.0019197266475241648,0.0018996142238956854,50000,119453
211,LF,4.0,227.0,20.0,166.0,124.25590737776889,22.0,32.0,300.0,42.0,39538617.05,39,6.244997998398398,0.00035986159169550173,5.763433969813438e-05,0.013067415750478461,0.002109379946897497,0.0020838684474889465,50000,114852
212,LF,4.0,143.0,8.0,137.0,150.55825273510683,14.0,94.0,300.0,42.0,32053303.27,39,6.244997998398398,0.0003425289173451374,5.4857915957702616e-05,0.012402538933252504,0.0020020365941937927,0.0019748852027106885,50000,121009
213,LF,4.0,142.0,6.0,153.0,134.81359885431135,32.0,44.0,300.0,42.0,12943361.35,43,6.557438524302,0.0003758347026535678,5.732502416723368e-05,0.013611267155029782,0.002094174501185537,0.002103248580731788,50000,121572
214,LF,4.0,170.0,9.0,271.0,76.11247462992485,25.0,60.0,300.0,42.0,45713875.86,40,6.324555320336759,0.0003586060980966981,5.671076832021629e-05,0.012979151149035265,0.0020691896296164566,0.0020262136180135702,50000,118598
215,LF,4.0,126.0,2.0,356.0,57.9395523166001,9.0,103.0,300.0,42.0,22206687.42,38,6.164414002968976,0.00032575244528644786,5.2852630945479926e-05,0.011810750800189156,0.0019310299925238352,0.0018523986254580795,50000,123814
216,LF,4.0,148.0,10.0,52.0,396.6630889367238,14.0,115.0,300.0,42.0,19508534.38,30,5.477225575051661,0.0002657760216873234,4.853028858233229e-05,0.009620633549833028,0.0017674044369522047,0.0017625317018133415,50000,120000
217,LF,4.0,104.0,3.0,200.0,103.13240312354819,40.0,60.0,300.0,42.0,11015808.57,28,5.291502622129181,0.00024312731188024243,4.595232826910649e-05,0.008799527628041414,0.0016726063664384146,0.0017184435905537978,50000,122451
218,LF,4.0,216.0,19.0,190.0,108.56042434057703,44.0,55.0,300.0,42.0,66157789.26,38,6.164414002968976,0.0003597190404967909,5.836462856002953e-05,0.013049117464793512,0.0021335338250715796,0.0021364800419960313,50000,112064
219,LF,4.0,129.0,5.0,229.0,90.07196779349185,6.0,107.0,300.0,42.0,37318604.38,37,6.082762530298219,0.000319251742941948,5.249304047667537e-05,0.011565421729429775,0.001915911331951482,0.0019104745737131869,50000,123113
220,LF,4.0,201.0,6.0,88.0,234.39182528079132,16.0,113.0,300.0,42.0,19514569.24,44,6.6332495807108,0.00039759994216728115,5.99523615582659e-05,0.014418702619967238,0.0021935109054164368,0.0022024072534009118,50000,117433
221,LF,4.0,114.0,17.0,289.0,71.3719052758119,26.0,26.0,300.0,42.0,40154437.63,25,5.0,0.00021752560276344526,4.350985203418421e-05,0.007878467935300114,0.001583862167003219,0.0015749734263755678,50000,122113
222,LF,4.0,125.0,19.0,176.0,117.19591264039566,16.0,129.0,300.0,42.0,131888274.48,31,5.5677643628300215,0.0002798869617818868,5.027621665637394e-05,0.010119165671504149,0.0018291399544923222,0.0018407622164629872,50000,117891
223,LF,4.0,254.0,16.0,50.0,412.52961249419275,2.0,102.0,300.0,42.0,31808707.34,46,6.782329983125268,0.0004153048879579639,6.124607901922163e-05,0.015199386709906641,0.0022623781367857193,0.002227284309420901,50000,116465
224,LF,4.0,121.0,7.0,236.0,87.40034163012557,44.0,92.0,300.0,42.0,46315805.96,31,5.5677643628300215,0.00028004878269117844,5.030528868576375e-05,0.01012122612927533,0.0018295124511057814,0.0018817332330969374,50000,117867
225,LF,4.0,204.0,7.0,86.0,239.84279796174,12.0,58.0,300.0,42.0,12432935.85,44,6.6332495807108,0.00038854498732813505,5.858673925537876e-05,0.014076596014287603,0.0021414570299454192,0.002065526873674198,50000,120287
226,LF,4.0,159.0,7.0,146.0,141.27726455280575,37.0,88.0,300.0,42.0,28192776.18,39,6.244997998398398,0.00035830439336310017,5.7384898878303636e-05,0.012962006060956871,0.00209236159085866,0.0020513430980151153,50000,115786
227,LF,4.0,134.0,14.0,327.0,63.07792239972366,39.0,44.0,300.0,42.0,62356376.47,40,6.324555320336759,0.00035499387635563287,5.613942215810594e-05,0.01283050518432038,0.0020454879929999053,0.0020274036154484714,50000,119972
228,LF,4.0,179.0,12.0,33.0,625.0448674154435,26.0,68.0,300.0,42.0,10829002.6,31,5.5677643628300215,0.0002777578668195828,4.989371330298842e-05,0.010054942181478165,0.0018175294218538422,0.0018080422407725993,50000,118644
229,LF,4.0,176.0,16.0,141.0,146.28709662914636,44.0,35.0,300.0,42.0,27393973.49,33,5.744562646538029,0.00029917590636700727,5.208763043293572e-05,0.0108237047301408,0.0018970582457604266,0.0018532477484631514,50000,117328
230,LF,4.0,165.0,20.0,352.0,58.59795632019783,19.0,116.0,300.0,42.0,249292840.34,34,5.830951894845301,0.00031737438041986763,5.443789374317851e-05,0.01146086002275073,0.0019793850687777376,0.0019699152514248367,50000,114163
231,LF,4.0,158.0,15.0,168.0,122.7766703851764,0.0,10.0,300.0,42.0,10380741.8,31,5.5677643628300215,0.00027010307481855174,4.8518495501468244e-05,0.009776906359547734,0.0017672654169853335,0.0017514568823409073,50000,122018
232,LF,4.0,185.0,13.0,244.0,84.53475665864607,45.0,56.0,300.0,42.0,56491837.96,34,5.830951894845301,0.0003160233113666149,5.420611393966961e-05,0.01143481784935976,0.001974886711704098,0.001981595952307492,50000,114423
233,LF,4.0,100.0,14.0,257.0,80.25867947357835,7.0,35.0,300.0,42.0,38922187.87,40,6.324555320336759,0.00034121249861382425,5.3959636582853945e-05,0.012361979842219135,0.0019707820979799552,0.001946325373805891,50000,124519
234,LF,4.0,139.0,14.0,252.0,81.8511135901176,20.0,70.0,300.0,42.0,76147163.19,35,5.916079783099616,0.0003106058589139444,5.251012571804928e-05,0.011237651303463549,0.0019132868563145,0.0018607512483259736,50000,119855
235,LF,4.0,99.0,7.0,256.0,80.57218994027201,9.0,66.0,300.0,42.0,35975785.09,41,6.4031242374328485,0.00034827814682047536,5.440137930451304e-05,0.012618334297080242,0.001987371894244533,0.0020011343502365966,50000,125039
236,LF,4.0,108.0,13.0,194.0,106.3220650758229,10.0,110.0,300.0,42.0,84421897.51,48,6.928203230275509,0.00041982629686967017,6.060942508829524e-05,0.015192722948857075,0.002214657844903603,0.0022013066066338734,50000,121582
237,LF,4.0,164.0,10.0,175.0,117.86560356976933,20.0,130.0,300.0,42.0,70152297.18,38,6.164414002968976,0.0003500819928878079,5.68007382466259e-05,0.012671891677423053,0.002071847322149439,0.0021190344734592415,50000,115400
238,LF,4.0,222.0,3.0,317.0,65.06776222305879,15.0,120.0,300.0,42.0,35190258.77,48,6.928203230275509,0.0004317439758223374,6.233032618153672e-05,0.01570475302732525,0.002289311894235395,0.002282397968128656,50000,117618
239,LF,4.0,209.0,8.0,100.0,206.26480624709637,28.0,137.0,300.0,42.0,35246951.3,52,7.211102550927978,0.0004973506513380646,6.898727500902404e-05,0.01804378440754242,0.002529182619422027,0.0024386558095881323,50000,110902
240,LF,4.0,175.0,12.0,218.0,94.61688359958548,14.0,82.0,300.0,42.0,66990200.48,36,6.0,0.0003236973429843097,5.395828812171642e-05,0.011723544310535296,0.001968503372511055,0.0019395264911389973,50000,118170
241,LF,4.0,197.0,16.0,329.0,62.69446998391986,13.0,139.0,300.0,42.0,224069789.35,40,6.324555320336759,0.00037599285613573345,5.946086574614666e-05,0.013612258077972485,0.0021701396976634662,0.0021652026325384346,50000,113082
242,LF,4.0,116.0,10.0,285.0,72.37361622705136,18.0,138.0,300.0,42.0,118987518.5,27,5.196152422706632,0.00024042742653606413,4.6275841798244975e-05,0.008698073947360656,0.0016833194354011465,0.001668918998824985,50000,119455
243,LF,4.0,160.0,4.0,186.0,110.89505712209483,14.0,137.0,300.0,42.0,31254370.21,36,6.0,0.0003215778754421696,5.360492957515585e-05,0.01163864533214561,0.001954245839093017,0.001923531632838428,50000,119032
244,LF,4.0,255.0,12.0,262.0,78.72702528515129,36.0,99.0,300.0,42.0,98751863.97,41,6.4031242374328485,0.0003797773208099446,5.932251433610885e-05,0.013911352814592316,0.0021910568883304667,0.00219199204373823,50000,113417
245,LF,4.0,189.0,8.0,273.0,75.5548740831855,38.0,79.0,300.0,42.0,53711553.11,46,6.782329983125268,0.0004302402798432429,6.344911325609719e-05,0.015573942261131731,0.002318140553652011,0.0022962554931182893,50000,113664
246,LF,4.0,110.0,4.0,42.0,491.1066815407056,21.0,1.0,300.0,42.0,377025.11,80,8.94427190999916,0.0006621091486931621,7.405055585849145e-05,0.023992352753721823,0.002726634411468812,0.002692392150388233,50000,128316
247,LF,4.0,106.0,20.0,83.0,248.51181475553778,13.0,55.0,300.0,42.0,29385037.0,34,5.830951894845301,0.0002967125989405615,5.089333957999365e-05,0.01073467143705833,0.0018539490609314774,0.0018070684896024575,50000,121886
248,LF,4.0,189.0,2.0,315.0,65.48089087209408,7.0,13.0,300.0,42.0,2915433.77,53,7.280109889280518,0.000446500029485851,6.134518658257901e-05,0.01622095574544169,0.002252523290584288,0.002235673683011101,50000,125737
249,LF,4.0,161.0,15.0,202.0,102.11129022133483,40.0,141.0,300.0,42.0,131088419.22,41,6.4031242374328485,0.0004049062790100535,6.32485377830948e-05,0.014599107113390977,0.0022993993228936824,0.002305637526755423,50000,108074
250,LF,4.0,186.0,10.0,129.0,159.89519864116,29.0,33.0,300.0,42.0,15184748.47,49,7.0,0.00043580347931267566,6.227120447214156e-05,0.015792135738897133,0.0022788962074441073,0.002258588574122591,50000,119404
251,LF,4.0,163.0,12.0,77.0,267.8763717494758,38.0,91.0,300.0,42.0,27534270.6,25,5.0,0.0002328028532317692,4.656599004780645e-05,0.008421128067848664,0.0016929686499783303,0.0017026859586264222,50000,114244
252,LF,4.0,128.0,20.0,267.0,77.25273642213347,28.0,128.0,300.0,42.0,207808537.82,23,4.795831523312719,0.00021346698222655345,4.451569327430286e-05,0.0077163008289493785,0.0016166450228455717,0.0016080141188362295,50000,114705
253,LF,4.0,98.0,11.0,167.0,123.51186002820143,22.0,66.0,300.0,42.0,37193755.77,29,5.385164807134504,0.0002502264981233013,4.647170732523113e-05,0.0090650845330612,0.0016934610735821216,0.0016543564869321982,50000,123109
254,LF,4.0,153.0,13.0,334.0,61.75593001410071,24.0,29.0,300.0,42.0,40026212.91,30,5.477225575051661,0.0002631925253322806,4.8058484099199203e-05,0.009537892333836992,0.001752202206183712,0.0017401420872379173,50000,121041
255,LF,4.0,199.0,1.0,97.0,212.64413015164573,6.0,51.0,300.0,42.0,1735427.41,69,8.306623862918075,0.0005814737409829434,7.002156133094714e-05,0.021125576690088514,0.0025794255493456473,0.00258401984008173,50000,125691
256,LF,4.0,102.0,3.0,242.0,85.23339101119683,17.0,139.0,300.0,42.0,30482016.35,38,6.164414002968976,0.0003325893833967879,5.3962093799607475e-05,0.01203390690740977,0.001967521107471835,0.0019447940852409741,50000,121518
257,LF,4.0,113.0,13.0,247.0,83.50801872352079,33.0,84.0,300.0,42.0,82213974.05,33,5.744562646538029,0.00029531522663206407,5.14153726102601e-05,0.010679075561761226,0.0018717057886244491,0.0018695966007364893,50000,118917
258,LF,4.0,226.0,9.0,158.0,130.54734572601038,39.0,50.0,300.0,42.0,24452900.18,39,6.244997998398398,0.00035800508550813773,5.7336954100871864e-05,0.012995340108356226,0.0020977433557305427,0.0020817373771277914,50000,115489
259,LF,4.0,111.0,17.0,292.0,70.63863227640287,42.0,123.0,300.0,42.0,184921643.04,14,3.7416573867739413,0.0001297605917082982,3.46822268654246e-05,0.004686338028675744,0.001256121180415231,0.0012530652493316183,50000,114963
260,LF,4.0,179.0,1.0,224.0,92.0825027888823,17.0,93.0,300.0,42.0,6453175.2,53,7.280109889280518,0.000459355688643514,6.311184684605124e-05,0.01665597668137654,0.002312945271479324,0.00226970272895858,50000,122453
261,LF,4.0,119.0,9.0,162.0,127.32395447351627,22.0,24.0,300.0,42.0,11424093.37,38,6.164414002968976,0.0003256491558831091,5.283586973498655e-05,0.01178856642703669,0.001927402352747276,0.0019150821014375875,50000,124047
262,LF,4.0,132.0,11.0,105.0,196.44267261628224,40.0,38.0,300.0,42.0,14580333.42,34,5.830951894845301,0.0002974263869692251,5.101578957830786e-05,0.01077498281130933,0.001860912064114496,0.001867294501692829,50000,121430
263,LF,4.0,155.0,13.0,275.0,75.00538408985322,11.0,11.0,300.0,42.0,14102876.09,32,5.656854249492381,0.0002775344533004918,4.906843115853757e-05,0.010045527991602854,0.001787589576533274,0.0017515655623831367,50000,122586
264,LF,4.0,235.0,2.0,65.0,317.33047114937904,13.0,34.0,300.0,42.0,2031840.47,60,7.745966692414834,0.000508457340429138,6.565824623716732e-05,0.018469252351378435,0.0024139165062342415,0.002406506027506119,50000,125016
265,LF,4.0,150.0,19.0,339.0,60.845075589113975,34.0,21.0,300.0,42.0,43987927.06,26,5.0990195135927845,0.00022936589152757684,4.498751059179355e-05,0.008296469201093167,0.0016358450593297533,0.0016441868558103318,50000,120599
266,LF,4.0,236.0,20.0,188.0,109.71532247185978,33.0,86.0,300.0,42.0,105243496.65,37,6.082762530298219,0.0003568225434696653,5.867172969154372e-05,0.013039312118238488,0.002160114658343145,0.0020963441517463767,50000,109197
267,LF,4.0,220.0,5.0,11.0,1875.1346022463306,4.0,81.0,300.0,42.0,2926931.28,56,7.483314773547883,0.0004786038442144487,6.397143188818311e-05,0.01736212690065096,0.002346959800711411,0.0022681335511360976,50000,124122
268,LF,4.0,95.0,3.0,307.0,67.18723330524313,22.0,98.0,300.0,42.0,27258431.14,27,5.196152422706632,0.00023305999136814847,4.485764259862093e-05,0.008441963481844726,0.0016337495548858607,0.0016089647661526626,50000,123079
269,LF,4.0,222.0,11.0,77.0,267.8763717494758,26.0,94.0,300.0,42.0,27637586.32,42,6.48074069840786,0.00039066496758410923,6.029268688178498e-05,0.01419633061081544,0.002209613253334115,0.0021631379093451247,50000,113851
270,LF,4.0,201.0,9.0,293.0,70.39754479423087,10.0,15.0,300.0,42.0,14360296.25,42,6.48074069840786,0.0003680465491254513,5.680126534245179e-05,0.013353269907814413,0.0020783711881389795,0.002068201787466434,50000,121039
271,LF,4.0,132.0,10.0,228.0,90.46702028381421,11.0,40.0,300.0,42.0,28626941.49,41,6.4031242374328485,0.0003538051310373394,5.526485219026227e-05,0.01282584299743624,0.0020200596105105933,0.001980661642328439,50000,123016
272,LF,4.0,172.0,14.0,62.0,332.68517136628446,5.0,37.0,300.0,42.0,12678023.1,44,6.6332495807108,0.00038681998804374583,5.8326585025056655e-05,0.014019022071108972,0.00213269680275433,0.0021288349164058757,50000,120781
273,LF,4.0,181.0,5.0,354.0,58.266894420083716,12.0,50.0,300.0,42.0,27636865.39,34,5.830951894845301,0.00029566245782462,5.071318852763609e-05,0.010722531328077196,0.0018518520954408373,0.0018497717479521608,50000,122024
274,LF,4.0,174.0,3.0,260.0,79.33261778734476,32.0,73.0,300.0,42.0,17672537.74,46,6.782329983125268,0.0004142651296829971,6.109271144692183e-05,0.015004463316629175,0.002233358888274023,0.0021902687744555483,50000,117978
275,LF,4.0,138.0,3.0,150.0,137.50987083139756,5.0,54.0,300.0,42.0,7664748.02,46,6.782329983125268,0.0003890622753376807,5.7375260960883937e-05,0.014109649076751772,0.0021001451384561206,0.0020709239888848344,50000,125460
276,LF,4.0,184.0,9.0,266.0,77.54316024326931,45.0,130.0,300.0,42.0,95472381.33,37,6.082762530298219,0.00036719827714538076,6.0378107219484386e-05,0.013276892341460868,0.002199479289188254,0.00218910572980231,50000,107243
277,LF,4.0,240.0,12.0,209.0,98.69129485507004,24.0,112.0,300.0,42.0,89056888.8,43,6.557438524302,0.0004024634507029071,6.138745021833835e-05,0.01473218933576041,0.0022666674845274624,0.0022399435787760096,50000,112322
278,LF,4.0,137.0,14.0,55.0,375.02692044926613,12.0,72.0,300.0,42.0,18637680.71,37,6.082762530298219,0.00032365856645497645,5.321775065835262e-05,0.011721469329858967,0.0019417658330315808,0.0019337686357834734,50000,121474
279,LF,4.0,196.0,15.0,51.0,404.440796562934,17.0,25.0,300.0,42.0,9933505.4,39,6.244997998398398,0.00034584585916092476,5.5389234513586625e-05,0.01253460866398811,0.0020233589064916997,0.001999007414636307,50000,119734
280,LF,4.0,173.0,18.0,125.0,165.0118449976771,24.0,23.0,300.0,42.0,19650903.9,35,5.916079783099616,0.0003120569905223834,5.2755488084987316e-05,0.011297127230898341,0.0019234145040330042,0.001918064273022015,50000,119224
281,LF,4.0,131.0,11.0,339.0,60.845075589113975,31.0,117.0,300.0,42.0,132281535.63,36,6.0,0.000330502639430801,5.5092875152699855e-05,0.011953056756852452,0.0020070467637591932,0.0019983777708903936,50000,115901
282,LF,4.0,251.0,20.0,312.0,66.11051482278728,38.0,118.0,300.0,42.0,230124868.24,45,6.708203932499369,0.00043102622555123463,6.426744202849821e-05,0.015778140559523524,0.002374017678504984,0.0023192305038842067,50000,109754
283,LF,4.0,121.0,6.0,117.0,176.29470619409946,8.0,134.0,300.0,42.0,28828448.97,33,5.744562646538029,0.00028678694337261443,4.993035700862751e-05,0.010389878084040021,0.0018210118243246172,0.0018189607950966288,50000,122227
284,LF,4.0,214.0,20.0,302.0,68.29960471758157,5.0,37.0,300.0,42.0,73924841.89,40,6.324555320336759,0.00036426554958564794,5.7605929553460614e-05,0.01321640409012943,0.002107019857522497,0.0021276959611339426,50000,116469
285,LF,4.0,245.0,16.0,99.0,208.34828913848114,35.0,98.0,300.0,42.0,53417869.86,34,5.830951894845301,0.0003216955246475542,5.5179200633860655e-05,0.011780438322954745,0.0020345872076239007,0.0020034695059300525,50000,111066
286,LF,4.0,161.0,15.0,296.0,69.68405616455958,33.0,90.0,300.0,42.0,122799419.22,33,5.744562646538029,0.00030758906101448463,5.355261693908147e-05,0.011121340496181381,0.0019492319590538728,0.001931300324459547,50000,114188
287,LF,4.0,167.0,15.0,234.0,88.14735309704972,3.0,48.0,300.0,42.0,53665863.45,38,6.164414002968976,0.00033251080660121453,5.394934272172751e-05,0.01205295072428515,0.0019706352156701654,0.0019358243751888629,50000,121326
288,LF,4.0,152.0,2.0,184.0,112.10043817776976,7.0,3.0,300.0,42.0,629224.05,99,9.9498743710662,0.0008262255679257565,8.30730912744295e-05,0.029954796874873246,0.0030718622949804496,0.0029989616918498093,50000,127184
289,LF,4.0,105.0,9.0,180.0,114.59155902616465,37.0,59.0,300.0,42.0,29408906.49,27,5.196152422706632,0.00023551167091169186,4.5329579079188666e-05,0.008526270891516363,0.001650067119230477,0.0016560733575306402,50000,121862
290,LF,4.0,117.0,9.0,121.0,170.46678202239366,0.0,81.0,300.0,42.0,27360466.65,40,6.324555320336759,0.0003428973108278398,5.422611989322553e-05,0.012422336200697938,0.0019804058085021647,0.0019638568020765375,50000,123914
291,LF,4.0,240.0,18.0,102.0,202.220398281467,10.0,28.0,300.0,42.0,22950611.04,39,6.244997998398398,0.00035469378103570584,5.680653210600369e-05,0.012915046716410822,0.002084780036525338,0.0020217014707380786,50000,116207
292,LF,4.0,157.0,4.0,70.0,294.6640089244234,18.0,142.0,300.0,42.0,12579465.79,45,6.708203932499369,0.0003984416504338587,5.940800613890825e-05,0.01444009571870472,0.002172655096624464,0.0021396403693986392,50000,119924
293,LF,4.0,219.0,17.0,304.0,67.85026521286063,41.0,22.0,300.0,42.0,40057920.91,38,6.164414002968976,0.00034628563096887073,5.6184672619573485e-05,0.012570262088784956,0.002055228268685146,0.0020780536288891706,50000,116333
294,LF,4.0,181.0,8.0,215.0,95.93711918469597,2.0,80.0,300.0,42.0,43075533.3,34,5.830951894845301,0.0002979058967843687,5.109804930908609e-05,0.010796855713438174,0.001864690184093945,0.0018532377257080399,50000,121184
295,LF,4.0,101.0,11.0,314.0,65.68942874111349,2.0,101.0,300.0,42.0,105523179.04,38,6.164414002968976,0.0003254121173196318,5.279740448634167e-05,0.011794841948158349,0.0019284285402014665,0.0019364470865475684,50000,123981
296,LF,4.0,136.0,19.0,283.0,72.88509054667715,28.0,59.0,300.0,42.0,98041017.01,29,5.385164807134504,0.0002599964138425677,4.828639791470265e-05,0.009415282981360257,0.0017588900414271418,0.0017391254910512567,50000,118530
297,LF,4.0,177.0,12.0,226.0,91.26761338367096,39.0,16.0,300.0,42.0,15710899.95,30,5.477225575051661,0.0002656583456569288,4.850879826863061e-05,0.009631468952404482,0.001769395252365634,0.0017655330615948858,50000,119865
298,LF,4.0,213.0,6.0,37.0,557.4724493164766,32.0,92.0,300.0,42.0,7935287.1,45,6.708203932499369,0.00039879121950354925,5.946013758815487e-05,0.014500188725915792,0.0021816983555250527,0.002170806244345666,50000,119427
299,LF,4.0,223.0,13.0,318.0,64.86314661858377,30.0,133.0,300.0,42.0,169495927.76,39,6.244997998398398,0.0003817130105411516,6.113466427041633e-05,0.013946834251221563,0.0022513635313105474,0.002227930408466886,50000,107610
300,LF,3.0,95.0,10.0,360.0,0.0,0.0,1.7,300.0,42.0,1635198.9,42,6.48074069840786,0.000355095622178258,5.480217147402143e-05,0.012861707208625698,0.002001849290752093,0.0019989573939004656,50000,125665
301,LF,3.0,200.0,10.0,360.0,0.0,0.0,3.5,300.0,42.0,4702964.0,39,6.244997998398398,0.00034043890431048027,5.4523131759269896e-05,0.0123568933092968,0.0019946672444368474,0.001987810080180838,50000,121456
302,HF,3.0,95.0,10.0,360.0,360.0,0.0,0.0,1.7,300.0,42.0,456,21.354156504062622,0.0003591337316357439,1.6820997556004836e-05,0.01281656377907499,0.0006535237241224481,0.0006066809454525447,9250000,1269722
303,HF,3.0,200.0,10.0,360.0,360.0,0.0,0.0,3.5,300.0,42.0,380,19.493588689617926,0.0003076659007405032,1.5785355439339676e-05,0.010237756041143665,0.0005643436053147149,0.0005310244925205049,9650000,1235106
